Parameters: seed=1204686956, mean_off_nb=1.010000, s1=-0.001000, s2=-0.001000, s3=-0.001000, s4=-0.001000, e12=-0.990000, e13=0.000000, e14=0.000000, e23=0.000000, e24=0.000000, e34=-0.990000, r12=0.500000, r23=0.500000, r34=0.500000, h12=1, h13=1, h14=1, h23=1, h24=1, h34=1 , n_gen=1000000, n_ind=1000, K=1000000 initial freq: 0 0 0 0 0 500 0 0 0 0 500 0 0 0 0 0
1 5 0 5 1 5 0 5 1005073 37 43 43 43 43
1 5 0 5 1 5 0 5 0 0 27 27 27 27
0 5 1 5 0 5 1 5 1002811 35 63 63 63 63
1 8 0 8 1 8 0 8 0 0 7 7 7 7
1 6 0 6 1 6 0 6 0 0 14 14 14 14
1 5 0 5 1 5 0 5 0 0 46 46 46 46
0 5 1 5 0 5 1 5 1004540 55 55 55 55 55
1 6 0 6 1 6 0 6 0 0 14 14 14 14
1 7 0 7 1 7 0 7 0 0 19 19 19 19
1 7 0 7 1 7 0 7 0 0 17 17 17 17
1 5 0 5 1 5 0 5 0 0 78 78 78 78
1 6 0 6 1 6 0 6 1003599 34 34 34 34 34
0 5 1 5 0 5 1 5 0 0 22 22 22 22
0 7 1 7 0 7 1 7 0 0 6 6 6 6
0 6 1 6 0 6 1 6 1002042 46 51 51 51 51
1 5 0 5 1 5 0 5 0 0 24 24 24 24
0 7 1 7 0 7 1 7 0 0 26 26 26 26
0 4 1 4 0 4 1 4 1003990 87 87 87 87 87
0 6 1 6 0 6 1 6 0 0 26 26 26 26
0 5 1 5 0 5 1 5 1001948 16 31 31 31 31
1 5 0 5 1 5 0 5 0 0 72 72 72 72
1 5 0 5 1 5 0 5 1005864 19 36 36 36 36
0 6 1 6 0 6 1 6 0 0 46 46 46 46
1 5 0 5 1 5 0 5 1005867 15 46 46 46 46
1 6 0 6 1 6 0 6 0 0 10 10 10 10
0 8 1 8 0 8 1 8 0 0 3 3 3 3
0 7 1 7 0 7 1 7 0 0 2 2 2 2
1 6 0 6 1 6 0 6 0 0 67 67 67 67
0 5 1 5 0 5 1 5 0 0 8 8 8 8
0 5 1 5 0 5 1 5 0 0 28 28 28 28
0 6 1 6 0 6 1 6 0 0 21 21 21 21
0 4 1 4 0 4 1 4 0 0 53 53 53 53
0 11 1 11 0 11 1 11 0 0 5 5 5 5
1 5 0 5 1 5 0 5 0 0 17 17 17 17
0 6 1 6 0 6 1 6 1000822 3 33 33 33 33
1 6 0 6 1 6 0 6 0 0 29 29 29 29
0 5 1 5 0 5 1 5 1003730 11 84 84 84 84
1 6 0 6 1 6 0 6 1001192 12 21 21 21 21
1 6 0 6 1 6 0 6 0 0 27 27 27 27
0 4 1 4 0 4 1 4 1001430 54 104 104 104 104
1 6 0 6 1 6 0 6 0 0 15 15 15 15
1 6 0 6 1 6 0 6 0 0 5 5 5 5
0 5 1 5 0 5 1 5 1004720 74 89 89 89 89
0 5 1 5 0 5 1 5 0 0 17 17 17 17
0 5 1 5 0 5 1 5 1001136 23 76 76 76 76
0 6 1 6 0 6 1 6 0 0 16 16 16 16
1 4 0 4 1 4 0 4 1002041 19 56 56 56 56
0 5 1 5 0 5 1 5 0 0 37 37 37 37
0 5 1 5 0 5 1 5 1001823 14 25 25 25 25
0 5 1 5 0 5 1 5 1006055 8 13 13 13 13
0 5 1 5 0 5 1 5 1004488 33 55 55 55 55
1 4 0 4 1 4 0 4 1007420 28 56 56 56 56
0 5 1 5 0 5 1 5 0 0 36 36 36 36
0 8 1 8 0 8 1 8 0 0 8 8 8 8
0 6 1 6 0 6 1 6 0 0 11 11 11 11
0 4 1 4 0 4 1 4 0 0 81 81 81 81
1 6 0 6 1 6 0 6 0 0 18 18 18 18
1 6 0 6 1 6 0 6 1000243 40 40 40 40 40
0 8 1 8 0 8 1 8 0 0 2 2 2 2
0 5 1 5 0 5 1 5 1002624 28 35 35 35 35
1 5 0 5 1 5 0 5 0 0 26 26 26 26
0 5 1 5 0 5 1 5 1002869 17 20 20 20 20
1 5 0 5 1 5 0 5 1000359 105 150 150 150 150
0 6 1 6 0 6 1 6 0 0 8 8 8 8
1 5 0 5 1 5 0 5 1005227 14 43 43 43 43
1 5 0 5 1 5 0 5 1002885 51 55 55 55 55
0 6 1 6 0 6 1 6 0 0 18 18 18 18
0 6 1 6 0 6 1 6 0 0 59 59 59 59
0 5 1 5 0 5 1 5 1003196 26 55 55 55 55
1 6 0 6 1 6 0 6 0 0 46 46 46 46
1 4 0 4 1 4 0 4 1000271 90 104 104 104 104
1 4 0 4 1 4 0 4 0 0 107 107 107 107
0 7 1 7 0 7 1 7 0 0 7 7 7 7
1 5 0 5 1 5 0 5 0 0 31 31 31 31
1 6 0 6 1 6 0 6 0 0 41 41 41 41
0 5 1 5 0 5 1 5 0 0 26 26 26 26
1 6 0 6 1 6 0 6 1004891 16 35 35 35 35
1 6 0 6 1 6 0 6 0 0 6 6 6 6
0 4 1 4 0 4 1 4 1006188 107 111 111 111 111
0 5 1 5 0 5 1 5 0 0 35 35 35 35
0 5 1 5 0 5 1 5 1005573 13 27 27 27 27
1 6 0 6 1 6 0 6 0 0 9 9 9 9
0 5 1 5 0 5 1 5 0 0 13 13 13 13
0 5 1 5 0 5 1 5 0 0 49 49 49 49
1 9 0 9 1 9 0 9 0 0 2 2 2 2
0 7 1 7 0 7 1 7 0 0 29 29 29 29
1 6 0 6 1 6 0 6 1002410 31 34 34 34 34
1 5 0 5 1 5 0 5 0 0 85 85 85 85
1 4 0 4 1 4 0 4 0 0 65 65 65 65
1 5 0 5 1 5 0 5 1006415 26 48 48 48 48
0 5 1 5 0 5 1 5 0 0 90 90 90 90
1 5 0 5 1 5 0 5 0 0 32 32 32 32
1 7 0 7 1 7 0 7 0 0 18 18 18 18
0 4 1 4 0 4 1 4 1002792 9 41 41 41 41
1 5 0 5 1 5 0 5 0 0 19 19 19 19
1 6 0 6 1 6 0 6 0 0 19 19 19 19
0 7 1 7 0 7 1 7 1004741 2 2 2 2 2
1 4 0 4 1 4 0 4 1003739 75 87 87 87 87
1 6 0 6 1 6 0 6 1002919 11 40 40 40 40
0 5 1 5 0 5 1 5 1004433 32 42 42 42 42
1 5 0 5 1 5 0 5 0 0 37 37 37 37
1 7 0 7 1 7 0 7 0 0 5 5 5 5
0 6 1 6 0 6 1 6 0 0 20 20 20 20
0 6 1 6 0 6 1 6 0 0 14 14 14 14
1 7 0 7 1 7 0 7 0 0 3 3 3 3
1 8 0 8 1 8 0 8 0 0 20 20 20 20
1 6 0 6 1 6 0 6 0 0 9 9 9 9
0 4 1 4 0 4 1 4 0 0 137 137 137 137
1 6 0 6 1 6 0 6 0 0 32 32 32 32
0 4 1 4 0 4 1 4 1004272 36 76 76 76 76
0 5 1 5 0 5 1 5 1004481 59 73 73 73 73
0 5 1 5 0 5 1 5 1002273 26 99 99 99 99
1 7 0 7 1 7 0 7 0 0 5 5 5 5
1 7 0 7 1 7 0 7 1000014 2 5 5 5 5
1 6 0 6 1 6 0 6 1005376 15 15 15 15 15
0 6 1 6 0 6 1 6 0 0 13 13 13 13
1 5 0 5 1 5 0 5 1003479 8 98 98 98 98
0 5 1 5 0 5 1 5 0 0 21 21 21 21
0 5 1 5 0 5 1 5 1001805 27 67 67 67 67
1 6 0 6 1 6 0 6 0 0 19 19 19 19
0 4 1 4 0 4 1 4 1004589 24 81 81 81 81
1 6 0 6 1 6 0 6 0 0 12 12 12 12
0 6 1 6 0 6 1 6 1003154 47 80 80 80 80
0 7 1 7 0 7 1 7 0 0 20 20 20 20
1 7 0 7 1 7 0 7 0 0 10 10 10 10
1 5 0 5 1 5 0 5 1001313 25 59 59 59 59
0 6 1 6 0 6 1 19 0 0 25 25 25 12
1 5 0 5 1 5 0 5 1003857 23 25 25 25 25
1 9 0 9 1 9 0 9 0 0 2 2 2 2
0 5 1 5 0 5 1 5 0 0 63 63 63 63
1 4 0 4 1 4 0 4 0 0 55 55 55 55
1 5 0 5 1 5 0 5 1000189 83 95 95 95 95
0 5 1 5 0 5 1 5 1001950 40 54 54 54 54
0 8 0 8 0 8 0 8 0 0 0 0 0 0
0 6 1 6 0 6 1 6 1006201 30 46 46 46 46
0 8 1 8 0 8 1 8 0 0 1 1 1 1
1 6 0 6 1 6 0 6 0 0 46 46 46 46
0 5 1 5 0 5 1 5 0 0 60 60 60 60
0 6 1 6 0 6 1 6 0 0 11 11 11 11
1 5 0 5 1 5 0 5 1000066 43 50 50 50 50
1 4 0 4 1 4 0 4 0 0 77 77 77 77
1 5 0 5 1 5 0 5 0 0 32 32 32 32
1 7 0 7 1 7 0 7 0 0 2 2 2 2
0 4 1 4 0 4 1 4 1003510 44 61 61 61 61
0 6 1 6 0 6 1 6 1000828 13 55 55 55 55
1 6 0 6 1 6 0 6 0 0 12 12 12 12
1 5 0 5 1 5 0 5 0 0 92 92 92 92
0 5 1 5 0 5 1 5 0 0 12 12 12 12
0 7 1 7 0 7 1 7 0 0 12 12 12 12
0 5 1 5 0 5 1 5 0 0 31 31 31 31
1 6 0 6 1 6 0 6 1000687 29 38 38 38 38
0 6 1 6 0 6 1 6 0 0 15 15 15 15
1 4 0 4 1 4 0 4 0 0 90 90 90 90
0 4 1 4 0 4 1 4 0 0 48 48 48 48
1 5 0 5 1 5 0 5 1002370 29 48 48 48 48
0 4 1 4 0 4 1 4 0 0 52 52 52 52
1 6 0 6 1 6 0 6 1003961 12 12 12 12 12
0 5 1 5 0 5 1 5 0 0 41 41 41 41
1 6 0 6 1 6 0 6 0 0 25 25 25 25
0 7 1 7 0 7 1 7 0 0 14 14 14 14
0 5 1 5 0 5 1 5 0 0 66 66 66 66
1 5 0 5 1 5 0 5 1000630 45 73 73 73 73
0 6 1 6 0 6 1 6 0 0 18 18 18 18
0 7 1 7 0 7 1 7 0 0 12 12 12 12
0 5 1 5 0 5 1 5 0 0 38 38 38 38
0 4 1 4 0 4 1 4 0 0 68 68 68 68
1 6 0 6 1 6 0 6 0 0 38 38 38 38
0 5 1 5 0 5 1 5 0 0 46 46 46 46
1 6 0 6 1 6 0 6 0 0 17 17 17 17
0 8 1 8 0 8 1 8 0 0 30 30 30 30
1 8 0 8 1 8 0 8 0 0 11 11 11 11
0 5 1 5 0 5 1 5 0 0 81 81 81 81
0 8 1 8 0 8 1 8 1001142 10 11 11 11 11
0 6 1 6 0 6 1 6 0 0 12 12 12 12
0 4 1 4 0 4 1 4 0 0 76 76 76 76
0 6 1 6 0 6 1 6 0 0 25 25 25 25
1 6 0 6 1 6 0 6 0 0 2 2 2 2
1 7 0 7 1 7 0 7 0 0 15 15 15 15
1 4 0 4 1 4 0 4 0 0 45 45 45 45
1 6 0 6 1 6 0 6 0 0 32 32 32 32
1 8 0 8 1 8 0 8 0 0 2 2 2 2
1 5 0 5 1 5 0 5 0 0 49 49 49 49
1 6 0 6 1 6 0 6 0 0 42 42 42 42
0 6 1 6 0 6 1 6 0 0 26 26 26 26
1 6 0 6 1 6 0 6 0 0 17 17 17 17
1 6 0 6 1 6 0 6 0 0 14 14 14 14
1 7 0 7 1 7 0 7 0 0 16 16 16 16
0 6 1 6 0 6 1 6 0 0 36 36 36 36
0 5 1 5 0 5 1 5 1001712 29 50 50 50 50
1 5 0 5 1 5 0 5 1003303 7 38 38 38 38
0 6 1 6 0 6 1 6 0 0 15 15 15 15
0 6 1 6 0 6 1 6 0 0 24 24 24 24
0 7 1 7 0 7 1 7 0 0 19 19 19 19
1 6 0 6 1 6 0 6 0 0 28 28 28 28
0 6 1 6 0 6 1 6 0 0 18 18 18 18
1 7 0 7 1 7 0 7 0 0 26 26 26 26
0 6 0 6 0 6 0 6 0 0 0 0 0 0
0 4 1 4 0 4 1 4 1000390 26 112 112 112 112
1 6 0 6 1 6 0 6 0 0 7 7 7 7
1 5 0 5 1 5 0 5 0 0 15 15 15 15
0 7 1 7 0 7 1 7 0 0 8 8 8 8
0 6 1 6 0 6 1 6 1002186 19 27 27 27 27
1 5 0 5 1 5 0 5 0 0 21 21 21 21
0 4 1 4 0 4 1 4 0 0 79 79 79 79
1 6 0 6 1 6 0 6 0 0 14 14 14 14
0 6 1 6 0 6 1 6 0 0 16 16 16 16
0 7 1 7 0 7 1 7 0 0 9 9 9 9
1 7 0 7 1 7 0 7 1005904 8 25 25 25 25
0 5 1 5 0 5 1 5 1004933 30 55 55 55 55
1 6 0 6 1 6 0 6 0 0 24 24 24 24
0 5 1 5 0 5 1 5 0 0 85 85 85 85
1 7 0 7 1 7 0 7 0 0 5 5 5 5
0 6 1 6 0 6 1 6 0 0 52 52 52 52
1 4 0 4 1 4 0 4 1003457 75 77 77 77 77
1 6 0 6 1 6 0 6 0 0 25 25 25 25
1 5 0 5 1 5 0 5 1006050 29 42 42 42 42
1 6 0 6 1 6 0 6 0 0 11 11 11 11
0 4 1 4 0 4 1 4 0 0 51 51 51 51
0 5 1 5 0 5 1 5 1001279 49 70 70 70 70
0 6 1 6 0 6 1 6 1003564 23 38 38 38 38
1 5 0 5 1 5 0 5 1003027 19 22 22 22 22
1 4 0 4 1 4 0 4 0 0 92 92 92 92
1 5 0 5 1 5 0 5 0 0 46 46 46 46
0 7 1 7 0 7 1 7 0 0 12 12 12 12
1 8 0 8 1 8 0 8 1004406 2 2 2 2 2
1 7 0 7 1 7 0 7 0 0 9 9 9 9
0 6 1 6 0 6 1 6 0 0 31 31 31 31
1 4 0 4 1 4 0 4 0 0 52 52 52 52
1 8 0 8 1 8 0 8 0 0 9 9 9 9
0 8 1 8 0 8 1 8 0 0 8 8 8 8
1 4 0 4 1 4 0 4 1000443 1 94 94 94 94
1 6 0 6 1 6 0 6 0 0 11 11 11 11
0 5 1 5 0 5 1 5 0 0 54 54 54 54
1 6 0 6 1 6 0 6 0 0 25 25 25 25
0 8 0 8 0 8 0 8 0 0 0 0 0 0
0 5 1 5 0 5 1 5 0 0 91 91 91 91
1 8 0 8 1 8 0 8 0 0 2 2 2 2
0 5 1 5 0 5 1 5 1004624 26 54 54 54 54
0 6 1 6 0 6 1 6 0 0 11 11 11 11
1 6 0 6 1 6 0 6 1007001 38 59 59 59 59
0 6 1 6 0 6 1 6 0 0 13 13 13 13
1 5 0 5 1 5 0 5 0 0 69 69 69 69
0 6 1 6 0 6 1 6 0 0 13 13 13 13
1 4 0 4 1 4 0 4 1005421 51 51 51 51 51
1 6 0 6 1 6 0 6 0 0 7 7 7 7
0 7 1 7 0 7 1 7 0 0 8 8 8 8
1 7 0 7 1 7 0 7 1000143 4 21 21 21 21
0 5 1 5 0 5 1 5 1001665 36 48 48 48 48
0 4 1 4 0 4 1 4 1001051 14 53 53 53 53
0 8 1 8 0 8 1 8 0 0 16 16 16 16
0 5 1 5 0 5 1 5 1002003 13 60 60 60 60
0 4 1 4 0 4 1 4 0 0 51 51 51 51
0 5 1 5 0 5 1 5 1000166 15 36 36 36 36
1 5 0 5 1 5 0 5 1001514 14 67 67 67 67
0 5 1 5 0 5 1 5 1004365 30 55 55 55 55
0 5 1 5 0 5 1 5 1003615 12 76 76 76 76
1 7 0 7 1 7 0 7 0 0 12 12 12 12
0 4 1 4 0 4 1 4 0 0 32 32 32 32
1 4 0 4 1 4 0 4 0 0 83 83 83 83
0 4 1 4 0 4 1 4 1003634 68 73 73 73 73
1 8 0 8 1 8 0 8 0 0 9 9 9 9
0 4 1 4 0 4 1 4 1001169 80 105 105 105 105
1 7 0 7 1 7 0 7 1000187 18 28 28 28 28
0 5 1 5 0 5 1 5 0 0 58 58 58 58
0 5 1 5 0 5 1 5 1004750 41 72 72 72 72
1 4 0 4 1 4 0 4 1002211 19 49 49 49 49
0 5 1 5 0 5 1 5 0 0 47 47 47 47
0 6 1 6 0 6 1 6 0 0 28 28 28 28
0 6 1 6 0 6 1 6 0 0 25 25 25 25
0 6 1 6 0 6 1 6 0 0 27 27 27 27
1 6 0 6 1 6 0 6 0 0 14 14 14 14
1 7 0 7 1 7 0 7 0 0 6 6 6 6
0 6 1 6 0 6 1 6 1000551 21 30 30 30 30
0 6 1 6 0 6 1 6 0 0 17 17 17 17
0 4 1 4 0 4 1 4 0 0 55 55 55 55
0 7 1 7 0 7 1 7 0 0 12 12 12 12
1 7 0 7 1 7 0 7 0 0 4 4 4 4
0 4 1 4 0 4 1 4 0 0 87 87 87 87
0 4 1 4 0 4 1 4 1000807 14 75 75 75 75
1 6 0 6 1 6 0 6 0 0 18 18 18 18
0 5 1 5 0 5 1 5 1003577 33 35 35 35 35
1 5 0 5 1 5 0 5 0 0 19 19 19 19
1 5 0 5 1 5 0 5 1005493 1 40 40 40 40
0 6 1 6 0 6 1 6 1000752 17 21 21 21 21
0 5 1 5 0 5 1 5 0 0 27 27 27 27
1 5 0 5 1 5 0 5 1002978 26 47 47 47 47
0 4 1 4 0 4 1 4 1001706 36 57 57 57 57
0 7 1 7 0 7 1 7 0 0 13 13 13 13
0 4 1 4 0 4 1 4 0 0 27 27 27 27
1 7 0 7 1 7 0 7 0 0 23 23 23 23
1 6 0 6 1 6 0 6 1002496 1 5 5 5 5
0 7 1 7 0 7 1 7 0 0 3 3 3 3
0 8 1 8 0 8 1 8 0 0 8 8 8 8
1 7 0 7 1 7 0 7 0 0 19 19 19 19
1 5 0 5 1 5 0 5 1000179 40 55 55 55 55
1 5 0 5 1 5 0 5 1001435 17 23 23 23 23
0 4 1 4 0 4 1 4 0 0 41 41 41 41
0 10 1 10 0 10 1 10 0 0 4 4 4 4
0 6 1 6 0 6 1 6 1001952 25 74 74 74 74
0 4 1 4 0 4 1 4 0 0 77 77 77 77
1 5 0 5 1 5 0 5 0 0 23 23 23 23
1 5 0 5 1 5 0 5 1003444 32 36 36 36 36
1 7 0 7 1 7 0 7 0 0 36 36 36 36
0 5 1 5 0 5 1 5 0 0 39 39 39 39
0 5 1 5 0 5 1 5 0 0 65 65 65 65
1 4 0 4 1 4 0 4 1005555 52 68 68 68 68
1 5 0 5 1 5 0 5 0 0 22 22 22 22
0 9 1 9 0 9 1 9 0 0 4 4 4 4
0 7 1 7 0 7 1 7 0 0 14 14 14 14
1 5 0 5 1 5 0 5 0 0 15 15 15 15
0 5 1 5 0 5 1 5 0 0 42 42 42 42
0 6 1 6 0 6 1 6 0 0 7 7 7 7
1 4 0 4 1 4 0 4 1005438 27 49 49 49 49
0 5 1 5 0 5 1 5 1001548 29 82 82 82 82
0 9 0 9 0 9 0 9 0 0 0 0 0 0
1 6 0 6 1 6 0 6 0 0 32 32 32 32
1 7 0 7 1 7 0 7 0 0 5 5 5 5
0 5 1 5 0 5 1 5 0 0 120 120 120 120
0 8 1 8 0 8 1 8 0 0 5 5 5 5
0 5 1 5 0 5 1 5 0 0 43 43 43 43
0 6 1 6 0 6 1 6 1005993 5 23 23 23 23
1 7 0 7 1 7 0 7 0 0 3 3 3 3
1 5 0 5 1 5 0 5 1006418 15 15 15 15 15
0 9 1 9 0 9 1 9 0 0 4 4 4 4
1 5 0 5 1 5 0 5 1000261 25 30 30 30 30
0 6 1 6 0 6 1 6 0 0 5 5 5 5
1 6 0 6 1 6 0 6 1005145 5 12 12 12 12
0 5 1 5 0 5 1 5 0 0 106 106 106 106
0 4 1 4 0 4 1 4 1004059 48 79 79 79 79
1 7 0 7 1 7 0 7 0 0 17 17 17 17
0 8 1 8 0 8 1 8 0 0 1 1 1 1
1 4 0 4 1 4 0 4 0 0 101 101 101 101
1 7 0 7 1 7 0 7 0 0 5 5 5 5
0 4 1 4 0 4 1 4 1004431 4 96 96 96 96
0 6 1 6 0 6 1 6 0 0 9 9 9 9
0 6 1 6 0 6 1 6 1004875 3 21 21 21 21
1 4 0 4 1 4 0 4 0 0 64 64 64 64
0 5 1 5 0 5 1 5 1002338 40 52 52 52 52
0 5 1 5 0 5 1 5 0 0 43 43 43 43
0 4 1 4 0 4 1 4 1004384 29 58 58 58 58
0 5 1 5 0 5 1 5 1005550 71 76 76 76 76
0 5 1 5 0 5 1 5 1001770 37 77 77 77 77
1 7 0 7 1 7 0 7 0 0 6 6 6 6
0 5 1 5 0 5 1 5 0 0 25 25 25 25
0 7 1 7 0 7 1 7 0 0 3 3 3 3
0 6 1 6 0 6 1 6 1003307 36 51 51 51 51
1 5 0 5 1 5 0 5 0 0 27 27 27 27
0 4 1 4 0 4 1 4 1000170 59 61 61 61 61
1 10 0 10 1 10 0 10 1002418 7 13 13 13 13
0 6 1 6 0 6 1 6 0 0 21 21 21 21
1 6 0 6 1 6 0 6 0 0 1 1 1 1
0 8 1 8 0 8 1 8 1000670 1 2 2 2 2
1 5 0 5 1 5 0 5 1005663 26 61 61 61 61
0 5 1 5 0 5 1 5 0 0 21 21 21 21
0 9 1 9 0 9 1 9 0 0 4 4 4 4
1 5 0 5 1 5 0 5 0 0 56 56 56 56
1 6 0 6 1 6 0 6 0 0 20 20 20 20
0 5 1 5 0 5 1 5 1001631 42 42 42 42 42
0 6 1 6 0 6 1 6 0 0 41 41 41 41
0 5 1 5 0 5 1 5 1003612 37 62 62 62 62
0 5 1 5 0 5 1 5 1001188 23 69 69 69 69
1 5 0 5 1 5 0 5 1002211 18 40 40 40 40
1 4 0 4 1 4 0 4 0 0 39 39 39 39
0 5 1 5 0 5 1 5 1003263 36 36 36 36 36
0 7 1 7 0 7 1 7 1000763 17 20 20 20 20
1 8 0 8 1 8 0 8 0 0 1 1 1 1
1 5 0 5 1 5 0 5 0 0 44 44 44 44
1 6 0 6 1 6 0 6 0 0 11 11 11 11
1 5 0 5 1 5 0 5 1003033 13 65 65 65 65
0 4 1 4 0 4 1 4 1007406 75 90 90 90 90
1 6 0 6 1 6 0 6 1005270 14 28 28 28 28
0 4 1 4 0 4 1 4 0 0 36 36 36 36
1 5 0 5 1 5 0 5 0 0 36 36 36 36
0 6 1 6 0 6 1 6 0 0 6 6 6 6
1 5 0 5 1 5 0 5 0 0 34 34 34 34
1 5 0 5 1 5 0 5 1000872 8 38 38 38 38
1 4 0 4 1 4 0 4 0 0 48 48 48 48
0 7 1 7 0 7 1 7 0 0 8 8 8 8
0 6 1 6 0 6 1 6 0 0 14 14 14 14
1 5 0 5 1 5 0 5 0 0 41 41 41 41
1 5 0 5 1 5 0 5 0 0 46 46 46 46
0 6 1 6 0 6 1 6 0 0 35 35 35 35
1 6 0 6 1 6 0 6 1004862 48 51 51 51 51
1 6 0 6 1 6 0 6 0 0 31 31 31 31
1 3 0 3 1 3 0 3 1001835 27 99 99 99 99
1 4 0 4 1 4 0 4 0 0 87 87 87 87
1 6 0 6 1 6 0 6 1000943 15 53 53 53 53
0 6 1 6 0 6 1 6 0 0 26 26 26 26
1 5 0 5 1 5 0 5 0 0 19 19 19 19
1 7 0 7 1 7 0 7 0 0 15 15 15 15
1 5 0 5 1 5 0 5 0 0 79 79 79 79
0 6 1 6 0 6 1 6 1002818 20 42 42 42 42
0 4 1 4 0 4 1 4 0 0 60 60 60 60
1 4 0 4 1 4 0 4 0 0 36 36 36 36
1 6 0 6 1 6 0 6 0 0 13 13 13 13
0 9 1 9 0 9 1 9 0 0 3 3 3 3
1 7 0 6 1 7 0 6 0 0 8 9 8 9
1 5 0 5 1 5 0 5 0 0 77 77 77 77
0 5 1 5 0 5 1 5 0 0 52 52 52 52
1 5 0 5 1 5 0 5 0 0 45 45 45 45
1 6 0 6 1 6 0 6 0 0 4 4 4 4
1 6 0 6 1 6 0 6 0 0 22 22 22 22
0 6 1 6 0 6 1 6 0 0 14 14 14 14
1 4 0 4 1 4 0 4 1005173 76 76 76 76 76
0 4 1 4 0 4 1 4 1003744 16 67 67 67 67
1 5 0 5 1 5 0 5 1003947 65 99 99 99 99
0 8 1 8 0 8 1 8 0 0 5 5 5 5
0 7 1 7 0 7 1 7 0 0 24 24 24 24
1 6 0 6 1 6 0 6 0 0 19 19 19 19
0 5 1 5 0 5 1 5 1000248 27 27 27 27 27
0 5 1 5 0 5 1 5 0 0 8 8 8 8
1 6 0 6 1 6 0 6 0 0 16 16 16 16
1 6 0 6 1 6 0 6 0 0 29 29 29 29
1 6 0 6 1 6 0 6 1000400 18 35 35 35 35
0 6 1 6 0 6 1 6 1002899 17 17 17 17 17
1 5 0 5 1 5 0 5 1005032 48 64 64 64 64
0 5 1 5 0 5 1 5 1005261 55 69 69 69 69
0 5 1 5 0 5 1 5 0 0 61 61 61 61
1 6 0 6 1 6 0 6 0 0 78 78 78 78
0 6 1 6 0 6 1 6 1003161 25 35 35 35 35
0 5 1 5 0 5 1 5 1000460 37 102 102 102 102
1 5 0 5 1 5 0 5 1007900 24 37 37 37 37
1 5 0 5 1 5 0 5 1000922 2 25 25 25 25
0 6 1 6 0 6 1 6 0 0 47 47 47 47
1 5 0 5 1 5 0 5 0 0 22 22 22 22
0 5 1 5 0 5 1 5 1004850 55 84 84 84 84
0 4 1 4 0 4 1 4 1001075 79 82 82 82 82
0 8 1 8 0 8 1 8 0 0 6 6 6 6
0 4 1 4 0 4 1 4 0 0 57 57 57 57
0 4 1 4 0 4 1 4 1004882 50 84 84 84 84
0 6 1 26 0 6 1 6 1004886 33 44 44 44 44
0 6 1 6 0 6 1 6 0 0 12 12 12 12
1 5 0 5 1 5 0 5 0 0 42 42 42 42
1 4 0 4 1 4 0 4 1002965 58 58 58 58 58
1 7 0 7 1 7 0 7 0 0 7 7 7 7
0 4 1 4 0 4 1 4 1006280 18 71 71 71 71
1 5 0 5 1 5 0 5 0 0 54 54 54 54
0 6 1 6 0 6 1 6 0 0 10 10 10 10
1 5 0 5 1 5 0 5 0 0 21 21 21 21
1 7 0 7 1 7 0 7 0 0 4 4 4 4
0 6 1 6 0 6 1 6 0 0 11 11 11 11
1 6 0 6 1 6 0 6 0 0 12 12 12 12
0 5 1 5 0 5 1 5 0 0 24 24 24 24
0 7 1 7 0 7 1 7 0 0 1 1 1 1
1 4 0 4 1 4 0 4 1004461 20 73 73 73 73
0 5 1 5 0 5 1 5 1000386 7 61 61 61 61
0 6 1 6 0 6 1 6 0 0 41 41 41 41
1 5 0 5 1 5 0 5 0 0 70 70 70 70
0 7 1 7 0 7 1 7 0 0 7 7 7 7
0 5 1 5 0 5 1 5 0 0 31 31 31 31
0 6 1 6 0 6 1 6 0 0 12 12 12 12
1 5 0 5 1 5 0 5 0 0 18 18 18 18
1 5 0 5 1 5 0 5 1003618 65 77 77 77 77
0 4 1 4 0 4 1 4 0 0 62 62 62 62
0 7 0 7 0 7 0 7 0 0 0 0 0 0
1 5 0 5 1 5 0 5 1002735 19 27 27 27 27
0 5 1 5 0 5 1 5 0 0 30 30 30 30
0 5 1 5 0 5 1 5 1002822 7 42 42 42 42
0 6 1 6 0 6 1 6 0 0 22 22 22 22
0 5 1 5 0 5 1 5 0 0 32 32 32 32
0 6 1 6 0 6 1 6 0 0 31 31 31 31
0 4 1 4 0 4 1 4 1007793 82 109 109 109 109
1 4 0 4 1 4 0 4 0 0 41 41 41 41
1 6 0 6 1 6 0 6 0 0 47 47 47 47
1 5 0 5 1 5 0 5 0 0 67 67 67 67
0 5 1 5 0 5 1 5 1003505 32 70 70 70 70
1 7 0 7 1 7 0 7 0 0 5 5 5 5
1 6 0 6 1 6 0 6 0 0 17 17 17 17
1 7 0 7 1 7 0 7 1001369 2 17 17 17 17
1 5 0 5 1 5 0 5 0 0 51 51 51 51
1 6 0 6 1 6 0 6 0 0 29 29 29 29
0 6 1 6 0 6 1 6 0 0 6 6 6 6
1 6 0 6 1 6 0 6 0 0 14 14 14 14
0 5 1 5 0 5 1 5 1000494 58 65 65 65 65
0 6 1 6 0 6 1 6 0 0 7 7 7 7
0 5 1 5 0 5 1 5 1000584 64 64 64 64 64
1 5 0 5 1 5 0 5 0 0 11 11 11 11
1 7 0 7 1 7 0 7 0 0 4 4 4 4
0 5 1 5 0 5 1 5 0 0 11 11 11 11
1 6 0 6 1 6 0 6 0 0 15 15 15 15
0 9 1 9 0 9 1 9 0 0 2 2 2 2
0 7 1 7 0 7 1 7 0 0 16 16 16 16
0 4 1 4 0 4 1 4 1000322 25 74 74 74 74
1 9 0 9 1 9 0 9 0 0 30 30 30 30
0 6 1 6 0 6 1 6 0 0 20 20 20 20
1 6 0 6 1 6 0 6 0 0 40 40 40 40
1 7 0 7 1 7 0 7 0 0 16 16 16 16
0 4 1 4 0 4 1 4 1003062 13 110 110 110 110
1 5 0 5 1 5 0 5 0 0 13 13 13 13
0 7 1 7 0 7 1 7 0 0 1 1 1 1
1 7 0 7 1 7 0 7 0 0 19 19 19 19
0 7 1 7 0 7 1 7 0 0 14 14 14 14
0 4 1 4 0 4 1 4 0 0 113 113 113 113
1 5 0 5 1 5 0 5 1004899 50 58 58 58 58
1 6 0 6 1 6 0 6 1001783 10 37 37 37 37
0 4 1 4 0 4 1 4 0 0 101 101 101 101
1 6 0 6 1 6 0 6 0 0 6 6 6 6
0 9 1 9 0 9 1 9 0 0 8 8 8 8
1 5 0 5 1 5 0 5 0 0 61 61 61 61
0 5 1 5 0 5 1 5 0 0 31 31 31 31
1 5 0 5 1 5 0 5 1001299 45 47 47 47 47
1 6 0 6 1 6 0 6 0 0 7 7 7 7
0 4 1 4 0 4 1 4 1002120 48 74 74 74 74
0 4 1 4 0 4 1 4 0 0 76 76 76 76
0 6 1 6 0 6 1 6 0 0 22 22 22 22
0 6 1 6 0 6 1 6 0 0 14 14 14 14
0 7 1 7 0 7 1 7 0 0 6 6 6 6
0 6 1 6 0 6 1 6 1006869 11 17 17 17 17
1 5 0 5 1 5 0 5 1003301 80 92 92 92 92
1 5 0 5 1 5 0 5 0 0 38 38 38 38
0 6 1 6 0 6 1 6 0 0 28 28 28 28
0 7 1 7 0 7 1 7 0 0 26 26 26 26
0 4 1 4 0 4 1 4 1000709 77 84 84 84 84
0 5 1 5 0 5 1 5 1006978 62 65 65 65 65
1 6 0 6 1 6 0 6 1001759 19 20 20 20 20
1 4 0 4 1 4 0 4 0 0 75 75 75 75
0 6 1 6 0 6 1 6 0 0 46 46 46 46
0 6 1 6 0 6 1 6 0 0 13 13 13 13
0 5 1 5 0 5 1 5 1001353 69 71 71 71 71
0 4 1 4 0 4 1 4 1000578 75 128 128 128 128
0 4 1 4 0 4 1 4 1005326 58 84 84 84 84
0 6 1 6 0 6 1 6 0 0 41 41 41 41
0 8 1 8 0 8 1 8 0 0 3 3 3 3
0 6 1 6 0 6 1 6 1006100 1 21 21 21 21
0 6 0 41 0 6 1 27 0 0 28 0 28 10
0 6 1 6 0 6 1 6 0 0 23 23 23 23
0 7 1 7 0 7 1 7 0 0 6 6 6 6
1 6 0 6 1 6 0 6 0 0 36 36 36 36
0 5 1 5 0 5 1 5 0 0 17 17 17 17
1 6 0 6 1 6 0 6 0 0 50 50 50 50
0 4 1 4 0 4 1 4 0 0 81 81 81 81
1 6 0 6 1 6 0 6 1000640 25 50 50 50 50
0 7 1 7 0 7 1 7 0 0 9 9 9 9
1 5 0 5 1 5 0 5 0 0 18 18 18 18
0 6 1 6 0 6 1 6 0 0 21 21 21 21
0 4 1 4 0 4 1 4 1001803 25 83 83 83 83
1 6 0 6 1 6 0 6 0 0 21 21 21 21
1 6 0 6 1 6 0 6 0 0 20 20 20 20
1 6 0 6 1 6 0 6 1003746 16 16 16 16 16
0 6 1 6 0 6 1 6 0 0 12 12 12 12
0 5 1 5 0 5 1 5 1002112 47 82 82 82 82
1 5 0 5 1 5 0 5 0 0 43 43 43 43
1 6 0 6 1 6 0 6 0 0 20 20 20 20
0 5 1 5 0 5 1 5 0 0 50 50 50 50
1 6 0 6 1 6 0 6 0 0 16 16 16 16
0 5 1 5 0 5 1 5 0 0 52 52 52 52
1 4 0 4 1 4 0 4 0 0 67 67 67 67
1 5 0 5 1 5 0 5 1000594 22 38 38 38 38
0 4 1 4 0 4 1 4 1004970 10 109 109 109 109
1 6 0 6 1 6 0 6 1004231 58 63 63 63 63
0 6 1 6 0 6 1 6 1004409 37 46 46 46 46
0 6 1 6 0 6 1 6 0 0 52 52 52 52
1 5 0 5 1 5 0 5 1001745 91 100 100 100 100
1 6 0 6 1 6 0 6 0 0 23 23 23 23
0 6 1 6 0 6 1 6 0 0 8 8 8 8
0 5 1 5 0 5 1 5 0 0 15 15 15 15
1 9 0 9 1 9 0 9 0 0 2 2 2 2
1 5 0 5 1 5 0 5 1003002 68 80 80 80 80
1 6 0 6 1 6 0 6 1002814 16 39 39 39 39
0 5 1 5 0 5 1 5 0 0 77 77 77 77
0 6 1 6 0 6 1 6 0 0 7 7 7 7
1 4 0 4 1 4 0 4 1003244 80 101 101 101 101
0 10 0 10 0 10 0 10 0 0 0 0 0 0
1 6 0 6 1 6 0 6 0 0 17 17 17 17
0 5 1 5 0 5 1 5 0 0 18 18 18 18
0 4 1 4 0 4 1 4 0 0 70 70 70 70
1 5 0 5 1 5 0 5 1004707 8 19 19 19 19
0 6 1 6 0 6 1 6 1001543 3 11 11 11 11
0 8 1 8 0 8 1 8 0 0 4 4 4 4
1 6 0 6 1 6 0 6 1002022 6 19 19 19 19
0 4 1 4 0 4 1 4 1000281 32 65 65 65 65
1 6 0 6 1 6 0 6 1003206 17 29 29 29 29
0 6 1 6 0 6 1 6 0 0 16 16 16 16
1 5 0 5 1 5 0 5 1005451 60 81 81 81 81
0 5 1 5 0 5 1 5 1000607 10 56 56 56 56
1 5 0 5 1 5 0 5 1005913 12 30 30 30 30
1 6 0 6 1 6 0 6 0 0 16 16 16 16
1 5 0 5 1 5 0 5 0 0 63 63 63 63
0 5 1 5 0 5 1 5 1000265 23 35 35 35 35
1 7 0 7 1 7 0 7 0 0 16 16 16 16
0 5 1 5 0 5 1 5 0 0 25 25 25 25
0 5 1 5 0 5 1 5 0 0 42 42 42 42
1 5 0 5 1 5 0 5 0 0 21 21 21 21
1 6 0 6 1 6 0 6 0 0 13 13 13 13
1 5 0 5 1 5 0 5 1001354 44 48 48 48 48
0 4 1 4 0 4 1 4 0 0 43 43 43 43
1 5 0 5 1 5 0 5 0 0 24 24 24 24
1 5 0 5 1 5 0 5 0 0 33 33 33 33
1 4 0 4 1 4 0 4 0 0 77 77 77 77
0 5 1 5 0 5 1 5 0 0 32 32 32 32
1 4 0 4 1 4 0 4 1004533 83 83 83 83 83
0 8 1 8 0 8 1 8 0 0 11 11 11 11
1 5 0 5 1 5 0 5 0 0 25 25 25 25
1 6 0 6 1 6 0 6 0 0 14 14 14 14
0 5 1 5 0 5 1 5 0 0 43 43 43 43
1 5 0 5 1 5 0 5 0 0 16 16 16 16
1 4 0 4 1 4 0 4 1004257 93 93 93 93 93
0 6 1 6 0 6 1 6 1002583 7 35 35 35 35
1 6 0 6 1 6 0 6 0 0 23 23 23 23
0 5 1 5 0 5 1 5 1000857 18 19 19 19 19
0 5 1 5 0 5 1 5 1004959 24 25 25 25 25
0 8 1 8 0 8 1 8 0 0 3 3 3 3
0 4 1 4 0 4 1 4 1001282 26 68 68 68 68
0 5 1 5 0 5 1 5 1003550 21 50 50 50 50
1 4 0 4 1 4 0 4 1005379 7 59 59 59 59
0 5 1 5 0 5 1 5 0 0 32 32 32 32
0 5 1 5 0 5 1 5 1001342 8 32 32 32 32
1 7 0 7 1 7 0 7 0 0 24 24 24 24
1 6 0 6 1 6 0 6 1000218 19 26 26 26 26
0 5 1 5 0 5 1 5 1005802 4 86 86 86 86
1 5 0 5 1 5 0 5 1002213 20 43 43 43 43
0 6 1 6 0 6 1 6 0 0 11 11 11 11
0 5 1 5 0 5 1 5 0 0 86 86 86 86
1 7 0 7 1 7 0 7 1002313 5 5 5 5 5
1 5 0 5 1 5 0 5 0 0 21 21 21 21
1 4 0 4 1 4 0 4 0 0 58 58 58 58
0 5 1 5 0 5 1 5 0 0 26 26 26 26
1 6 0 6 1 6 0 6 0 0 26 26 26 26
1 4 0 4 1 4 0 4 1002251 52 52 52 52 52
1 5 0 5 1 5 0 5 0 0 55 55 55 55
0 7 1 7 0 7 1 7 1002833 7 11 11 11 11
1 4 0 4 1 4 0 4 1003870 90 102 102 102 102
0 9 1 9 0 9 1 9 0 0 1 1 1 1
0 6 1 6 0 6 1 6 0 0 25 25 25 25
0 5 1 5 0 5 1 5 1003569 15 48 48 48 48
0 5 1 5 0 5 1 5 0 0 30 30 30 30
1 8 0 8 1 8 0 8 0 0 5 5 5 5
1 5 0 5 1 5 0 5 1002394 70 70 70 70 70
0 5 1 5 0 5 1 5 1000483 40 53 53 53 53
1 5 0 5 1 5 0 5 0 0 16 16 16 16
1 5 0 5 1 5 0 5 0 0 60 60 60 60
1 5 0 5 1 5 0 5 0 0 44 44 44 44
1 5 0 5 1 5 0 5 1003800 61 71 71 71 71
1 5 0 5 1 5 0 5 0 0 50 50 50 50
1 6 0 6 1 6 0 6 0 0 23 23 23 23
0 4 1 4 0 4 1 4 0 0 127 127 127 127
1 5 0 5 1 5 0 5 0 0 58 58 58 58
0 5 1 5 0 5 1 5 1001045 26 26 26 26 26
0 5 1 5 0 5 1 5 1001803 37 38 38 38 38
1 7 0 7 1 7 0 7 0 0 5 5 5 5
0 6 1 6 0 6 1 6 1002141 16 22 22 22 22
0 6 1 6 0 6 1 6 0 0 4 4 4 4
0 6 1 6 0 6 1 6 0 0 3 3 3 3
0 4 1 4 0 4 1 4 1005593 51 56 56 56 56
0 5 1 5 0 5 1 5 0 0 18 18 18 18
1 6 0 6 1 6 0 6 0 0 55 55 55 55
1 6 0 6 1 6 0 6 0 0 15 15 15 15
1 7 0 7 1 7 0 7 0 0 8 8 8 8
1 8 0 8 1 8 0 8 0 0 1 1 1 1
1 7 0 7 1 7 0 7 1000953 11 12 12 12 12
1 7 0 7 1 7 0 7 0 0 32 32 32 32
0 7 1 7 0 7 1 7 0 0 4 4 4 4
0 8 1 8 0 8 1 8 0 0 5 5 5 5
1 6 0 6 1 6 0 6 0 0 3 3 3 3
0 5 1 5 0 5 1 5 1005059 85 85 85 85 85
0 6 1 6 0 6 1 6 0 0 29 29 29 29
0 7 1 7 0 7 1 7 0 0 19 19 19 19
0 6 1 6 0 6 1 6 0 0 36 36 36 36
1 7 0 7 1 7 0 7 0 0 3 3 3 3
1 5 0 5 1 5 0 5 0 0 47 47 47 47
1 5 0 5 1 5 0 5 1005214 3 61 61 61 61
1 5 0 5 1 5 0 5 0 0 54 54 54 54
0 5 1 5 0 5 1 5 0 0 65 65 65 65
0 5 1 5 0 5 1 5 0 0 44 44 44 44
1 6 0 6 1 6 0 6 0 0 14 14 14 14
0 8 1 8 0 8 1 8 0 0 2 2 2 2
1 6 0 6 1 6 0 6 0 0 24 24 24 24
0 7 1 7 0 7 1 7 0 0 1 1 1 1
0 6 1 6 0 6 1 6 0 0 15 15 15 15
0 5 1 5 0 5 1 5 1001566 3 60 60 60 60
0 8 1 8 0 8 1 8 0 0 3 3 3 3
1 6 0 6 1 6 0 6 0 0 12 12 12 12
0 6 1 6 0 6 1 6 0 0 7 7 7 7
1 6 0 6 1 6 0 6 0 0 23 23 23 23
1 7 0 7 1 7 0 7 0 0 17 17 17 17
1 5 0 5 1 5 0 5 0 0 24 24 24 24
0 6 1 6 0 6 1 6 0 0 15 15 15 15
1 5 0 5 1 5 0 5 1003338 79 96 96 96 96
0 7 1 7 0 7 1 7 0 0 4 4 4 4
1 5 0 5 1 5 0 5 1001848 11 41 41 41 41
0 6 1 6 0 6 1 6 1003573 21 22 22 22 22
0 6 1 6 0 6 1 6 0 0 21 21 21 21
1 4 0 4 1 4 0 4 0 0 88 88 88 88
0 5 1 5 0 5 1 5 0 0 18 18 18 18
0 6 1 6 0 6 1 6 1000249 25 25 25 25 25
0 8 1 8 0 8 1 8 0 0 1 1 1 1
0 5 1 5 0 5 1 5 0 0 60 60 60 60
1 6 0 6 1 6 0 6 1003719 47 47 47 47 47
1 5 0 5 1 5 0 5 0 0 23 23 23 23
0 7 1 7 0 7 1 7 0 0 2 2 2 2
0 5 1 5 0 5 1 5 1001345 18 39 39 39 39
1 5 0 5 1 5 0 5 0 0 14 14 14 14
0 4 1 4 0 4 1 4 1002783 7 93 93 93 93
1 5 0 5 1 5 0 5 1000998 32 35 35 35 35
0 6 1 6 0 6 1 6 0 0 21 21 21 21
1 5 0 5 1 5 0 5 0 0 14 14 14 14
0 6 1 6 0 6 1 6 0 0 10 10 10 10
1 7 0 7 1 7 0 7 0 0 2 2 2 2
1 7 0 7 1 7 0 7 0 0 3 3 3 3
1 6 0 6 1 6 0 6 0 0 33 33 33 33
1 6 0 6 1 6 0 6 0 0 14 14 14 14
1 6 0 6 1 6 0 6 1001749 46 53 53 53 53
1 4 0 4 1 4 0 4 0 0 93 93 93 93
1 6 0 6 1 6 0 6 1001278 35 49 49 49 49
0 4 1 4 0 4 1 4 1002869 2 43 43 43 43
1 8 0 8 1 8 0 8 0 0 9 9 9 9
1 5 0 5 1 5 0 5 1000778 20 54 54 54 54
1 5 0 5 1 5 0 5 1002829 55 55 55 55 55
0 5 1 5 0 5 1 5 0 0 19 19 19 19
1 5 0 5 1 5 0 5 0 0 75 75 75 75
1 4 0 4 1 4 0 4 0 0 67 67 67 67
1 7 0 7 1 7 0 7 0 0 6 6 6 6
0 5 1 5 0 5 1 5 1005916 51 56 56 56 56
0 5 1 5 0 5 1 5 0 0 27 27 27 27
0 4 1 4 0 4 1 4 1006244 62 64 64 64 64
0 4 1 4 0 4 1 4 0 0 57 57 57 57
0 5 1 5 0 5 1 5 0 0 30 30 30 30
1 7 0 7 1 7 0 7 0 0 5 5 5 5
0 4 1 4 0 4 1 4 0 0 87 87 87 87
0 5 1 5 0 5 1 5 0 0 36 36 36 36
1 7 0 7 1 7 0 7 0 0 1 1 1 1
1 6 0 6 1 6 0 6 0 0 29 29 29 29
1 6 0 6 1 6 0 6 0 0 35 35 35 35
0 4 1 4 0 4 1 4 0 0 70 70 70 70
1 7 0 7 1 7 0 7 1001183 5 27 27 27 27
1 5 0 5 1 5 0 5 0 0 38 38 38 38
1 6 0 6 1 6 0 6 0 0 13 13 13 13
0 5 1 5 0 5 1 5 1003874 49 54 54 54 54
1 7 0 7 1 7 0 7 1003691 14 14 14 14 14
1 5 0 5 1 5 0 5 0 0 51 51 51 51
0 7 1 7 0 7 1 7 0 0 8 8 8 8
0 5 1 5 0 5 1 5 0 0 79 79 79 79
1 5 0 5 1 5 0 5 0 0 56 56 56 56
0 7 1 7 0 7 1 7 0 0 24 24 24 24
1 5 0 5 1 5 0 5 0 0 46 46 46 46
0 6 1 6 0 6 1 6 0 0 42 42 42 42
1 5 0 5 1 5 0 5 0 0 42 42 42 42
0 5 1 5 0 5 1 5 0 0 21 21 21 21
0 6 1 6 0 6 1 6 0 0 20 20 20 20
0 6 1 6 0 6 1 6 1006028 36 56 56 56 56
1 6 0 6 1 6 0 6 0 0 18 18 18 18
0 4 1 4 0 4 1 4 1000693 8 64 64 64 64
0 5 1 5 0 5 1 5 1003336 79 109 109 109 109
1 6 0 6 1 6 0 6 0 0 20 20 20 20
1 4 0 4 1 4 0 4 1002804 58 61 61 61 61
0 5 1 5 0 5 1 5 0 0 20 20 20 20
0 5 1 5 0 5 1 5 0 0 38 38 38 38
0 7 1 7 0 7 1 7 1004338 17 59 59 59 59
0 6 1 6 0 6 1 6 0 0 3 3 3 3
0 4 1 4 0 4 1 4 1000647 106 115 115 115 115
0 6 1 6 0 6 1 6 0 0 14 14 14 14
0 4 1 4 0 4 1 4 1001822 27 71 71 71 71
1 6 0 6 1 6 0 6 0 0 7 7 7 7
0 6 1 6 0 6 1 6 0 0 20 20 20 20
1 6 0 6 1 6 0 6 0 0 22 22 22 22
1 5 0 5 1 5 0 5 0 0 26 26 26 26
1 4 0 4 1 4 0 4 0 0 75 75 75 75
1 4 0 4 1 4 0 4 0 0 60 60 60 60
1 6 0 6 1 6 0 6 0 0 37 37 37 37
0 4 1 4 0 4 1 4 0 0 96 96 96 96
0 8 1 8 0 8 1 8 0 0 1 1 1 1
1 7 0 7 1 7 0 7 0 0 5 5 5 5
0 4 1 4 0 4 1 4 1004328 58 67 67 67 67
1 4 0 4 1 4 0 4 1001118 91 91 91 91 91
0 6 1 6 0 6 1 6 0 0 8 8 8 8
1 5 0 5 1 5 0 5 0 0 43 43 43 43
1 5 0 5 1 5 0 5 0 0 33 33 33 33
0 5 1 5 0 5 1 5 0 0 15 15 15 15
0 6 1 6 0 6 1 6 0 0 38 38 38 38
0 4 1 4 0 4 1 4 1005221 15 93 93 93 93
0 7 1 7 0 7 1 7 0 0 16 16 16 16
1 5 0 5 1 5 0 5 1005276 6 42 42 42 42
0 5 1 5 0 5 1 5 0 0 92 92 92 92
0 6 1 6 0 6 1 6 0 0 54 54 54 54
1 5 0 5 1 5 0 5 0 0 22 22 22 22
1 4 0 4 1 4 0 4 1000516 52 76 76 76 76
1 7 0 7 1 7 0 7 0 0 9 9 9 9
1 5 0 5 1 5 0 5 0 0 66 66 66 66
1 6 0 6 1 6 0 6 0 0 22 22 22 22
0 8 1 8 0 8 1 8 0 0 9 9 9 9
1 5 0 5 1 5 0 5 1005191 33 42 42 42 42
0 4 1 4 0 4 1 4 1004802 68 68 68 68 68
0 6 1 6 0 6 1 6 1001478 16 16 16 16 16
0 6 1 6 0 6 1 6 0 0 17 17 17 17
0 4 1 4 0 4 1 4 0 0 58 58 58 58
0 5 1 5 0 5 1 5 0 0 18 18 18 18
1 5 0 5 1 5 0 5 1004753 55 55 55 55 55
1 5 0 5 1 5 0 5 0 0 23 23 23 23
1 3 0 3 1 3 0 3 0 0 91 91 91 91
0 5 1 5 0 5 1 5 1002200 7 47 47 47 47
0 4 1 4 0 4 1 4 0 0 43 43 43 43
0 5 1 5 0 5 1 5 1005623 16 38 38 38 38
0 6 1 6 0 6 1 6 0 0 25 25 25 25
0 4 1 4 0 4 1 4 0 0 53 53 53 53
1 5 0 5 1 5 0 5 1003608 37 54 54 54 54
1 5 0 5 1 5 0 5 0 0 45 45 45 45
0 9 1 9 0 9 1 9 0 0 8 8 8 8
1 17 0 6 1 6 0 6 0 0 15 13 13 13
0 5 1 5 0 5 1 5 1000167 12 24 24 24 24
0 7 1 7 0 7 1 7 0 0 15 15 15 15
0 5 1 5 0 5 1 5 1002909 49 52 52 52 52
1 6 0 6 1 6 0 6 0 0 28 28 28 28
0 5 1 5 0 5 1 5 0 0 14 14 14 14
0 5 1 5 0 5 1 5 0 0 9 9 9 9
1 6 0 6 1 6 0 6 1005235 23 55 55 55 55
0 7 1 7 0 7 1 7 0 0 10 10 10 10
1 7 0 7 1 7 0 7 0 0 15 15 15 15
0 4 1 4 0 4 1 4 1000472 71 74 74 74 74
1 5 0 5 1 5 0 5 0 0 60 60 60 60
0 5 1 5 0 5 1 5 0 0 19 19 19 19
0 6 1 6 0 6 1 6 0 0 15 15 15 15
1 4 0 4 1 4 0 4 1004840 67 106 106 106 106
0 5 1 5 0 5 1 5 1004212 62 62 62 62 62
1 5 0 5 1 5 0 5 0 0 63 63 63 63
1 5 0 5 1 5 0 5 0 0 48 48 48 48
1 4 0 4 1 4 0 4 1005943 66 67 67 67 67
0 6 1 6 0 6 1 6 1000901 37 61 61 61 61
0 7 1 7 0 7 1 7 0 0 27 27 27 27
0 5 1 5 0 5 1 5 0 0 45 45 45 45
0 7 1 7 0 7 1 7 0 0 23 23 23 23
0 6 1 6 0 6 1 6 0 0 48 48 48 48
1 5 0 5 1 5 0 5 0 0 50 50 50 50
1 5 0 5 1 5 0 5 1001258 19 29 29 29 29
1 7 0 7 1 7 0 7 0 0 8 8 8 8
1 6 0 6 1 6 0 6 0 0 16 16 16 16
1 6 0 6 1 6 0 6 1001468 22 30 30 30 30
1 9 0 9 1 9 0 9 0 0 1 1 1 1
0 4 1 4 0 4 1 4 0 0 85 85 85 85
1 5 0 5 1 5 0 5 0 0 57 57 57 57
0 5 1 5 0 5 1 5 1002330 16 17 17 17 17
1 5 0 5 1 5 0 5 1004013 60 60 60 60 60
0 4 1 4 0 4 1 4 1005925 7 36 36 36 36
1 7 0 7 1 7 0 7 0 0 6 6 6 6
0 5 1 5 0 5 1 5 0 0 61 61 61 61
0 5 1 5 0 5 1 5 0 0 53 53 53 53
0 8 1 8 0 8 1 8 0 0 10 10 10 10
1 4 0 4 1 4 0 4 1003421 23 74 74 74 74
0 5 1 5 0 5 1 5 0 0 57 57 57 57
1 5 0 5 1 5 0 5 0 0 65 65 65 65
1 4 0 4 1 4 0 4 1004844 168 185 185 185 185
1 5 0 5 1 5 0 5 1002719 112 113 113 113 113
1 6 0 6 1 6 0 6 1003492 19 57 57 57 57
1 5 0 5 1 5 0 5 1000767 5 37 37 37 37
1 5 0 5 1 5 0 5 0 0 35 35 35 35
0 5 1 5 0 5 1 5 1002682 55 104 104 104 104
0 6 1 6 0 6 1 6 1004999 3 12 12 12 12
1 5 0 5 1 5 0 5 0 0 44 44 44 44
0 7 1 7 0 7 1 7 0 0 9 9 9 9
0 4 1 4 0 4 1 4 0 0 109 109 109 109
1 5 0 5 1 5 0 5 1001411 52 68 68 68 68
0 6 1 6 0 6 1 6 1003660 18 42 42 42 42
1 4 0 4 1 4 0 4 0 0 46 46 46 46
0 5 1 5 0 5 1 5 0 0 33 33 33 33
0 5 1 5 0 5 1 5 1002003 40 40 40 40 40
0 6 1 6 0 6 1 6 0 0 23 23 23 23
1 5 0 5 1 5 0 5 1003861 23 49 49 49 49
0 5 1 5 0 5 1 5 1005046 25 25 25 25 25
0 6 1 6 0 6 1 6 1003896 10 23 23 23 23
1 6 0 6 1 6 0 6 0 0 19 19 19 19
1 5 0 5 1 5 0 5 0 0 62 62 62 62
1 4 0 4 1 4 0 4 1000192 26 60 60 60 60
0 6 1 6 0 6 1 6 0 0 2 2 2 2
1 7 0 7 1 7 0 7 0 0 8 8 8 8
0 10 0 10 0 10 0 10 0 0 0 0 0 0
1 8 0 8 1 8 0 8 0 0 6 6 6 6
0 6 1 6 0 6 1 6 0 0 39 39 39 39
0 6 1 6 0 6 1 6 1003410 32 35 35 35 35
0 5 1 5 0 5 1 5 0 0 20 20 20 20
0 5 1 5 0 5 1 5 1006924 45 52 52 52 52
1 7 0 7 1 7 0 7 0 0 6 6 6 6
1 9 0 9 1 9 0 9 0 0 3 3 3 3
1 4 0 4 1 4 0 4 1005772 6 66 66 66 66
0 5 1 5 0 5 1 5 0 0 39 39 39 39
0 6 1 6 0 6 1 6 0 0 8 8 8 8
1 5 0 5 1 5 0 5 0 0 30 30 30 30
0 6 1 6 0 6 1 6 0 0 40 40 40 40
0 6 1 6 0 6 1 6 0 0 27 27 27 27
0 5 1 5 0 5 1 5 0 0 20 20 20 20
0 5 1 5 0 5 1 5 1002090 36 36 36 36 36
1 4 0 4 1 4 0 4 0 0 67 67 67 67
0 8 1 8 0 8 1 8 0 0 6 6 6 6
0 5 1 5 0 5 1 5 0 0 34 34 34 34
0 8 1 8 0 8 1 8 0 0 2 2 2 2
0 5 1 5 0 5 1 5 0 0 62 62 62 62
1 4 0 4 1 4 0 4 1005420 27 71 71 71 71
0 8 1 8 0 8 1 8 0 0 5 5 5 5
0 4 1 4 0 4 1 4 1003527 18 81 81 81 81
0 7 1 7 0 7 1 7 0 0 11 11 11 11
0 7 1 7 0 7 1 7 0 0 6 6 6 6
1 6 0 6 1 6 0 6 1001210 10 37 37 37 37
0 8 0 8 0 8 0 8 0 0 0 0 0 0
1 4 0 4 1 4 0 4 1003947 27 59 59 59 59
0 6 1 6 0 6 1 6 1001373 23 27 27 27 27
1 6 0 6 1 6 0 6 0 0 9 9 9 9
0 4 1 4 0 4 1 4 1002628 45 96 96 96 96
1 6 0 6 1 6 0 6 0 0 16 16 16 16
0 5 1 5 0 5 1 5 0 0 28 28 28 28
0 4 1 4 0 4 1 4 0 0 71 71 71 71
1 7 0 7 1 7 0 7 0 0 10 10 10 10
1 5 0 5 1 5 0 5 0 0 66 66 66 66
1 5 0 5 1 5 0 5 1006249 32 44 44 44 44
0 6 1 6 0 6 1 6 0 0 31 31 31 31
0 4 1 4 0 4 1 4 0 0 87 87 87 87
1 7 0 7 1 7 0 7 0 0 16 16 16 16
1 5 0 5 1 5 0 5 1004117 39 57 57 57 57
0 6 1 6 0 6 1 6 0 0 29 29 29 29
1 5 0 5 1 5 0 5 1002144 38 44 44 44 44
1 7 0 7 1 7 0 7 0 0 6 6 6 6
0 4 1 4 0 4 1 4 1002102 26 88 88 88 88
1 6 0 6 1 6 0 6 0 0 11 11 11 11
0 5 1 5 0 5 1 5 0 0 66 66 66 66
1 5 0 5 1 5 0 5 1002308 52 54 54 54 54
0 5 1 5 0 5 1 5 0 0 32 32 32 32
1 5 0 5 1 5 0 5 0 0 36 36 36 36
0 7 1 7 0 7 1 7 0 0 11 11 11 11
0 5 1 5 0 5 1 5 1004761 2 15 15 15 15
1 4 0 4 1 4 0 4 0 0 47 47 47 47
1 7 0 7 1 7 0 7 0 0 8 8 8 8
1 7 0 7 1 7 0 7 0 0 26 26 26 26
1 7 0 7 1 7 0 7 0 0 3 3 3 3
0 4 1 4 0 4 1 4 0 0 58 58 58 58
1 6 0 6 1 6 0 6 0 0 6 6 6 6
0 5 1 5 0 5 1 5 1001388 10 24 24 24 24
0 5 1 5 0 5 1 5 0 0 15 15 15 15
0 5 1 5 0 5 1 5 0 0 20 20 20 20
1 6 0 6 1 6 0 6 0 0 22 22 22 22
0 5 1 5 0 5 1 5 0 0 60 60 60 60
0 4 1 4 0 4 1 4 0 0 93 93 93 93
0 6 1 6 0 6 1 6 0 0 18 18 18 18
0 5 1 5 0 5 1 5 1003878 38 47 47 47 47
1 7 0 7 1 7 0 7 0 0 8 8 8 8
1 6 0 6 1 6 0 6 0 0 46 46 46 46
0 4 1 4 0 4 1 4 0 0 68 68 68 68
0 6 1 6 0 6 1 6 1001706 27 43 43 43 43
1 6 0 6 1 6 0 6 0 0 25 25 25 25
0 5 1 5 0 5 1 5 0 0 54 54 54 54
0 5 1 5 0 5 1 5 0 0 50 50 50 50
1 6 0 6 1 6 0 6 1001576 10 13 13 13 13
0 5 1 5 0 5 1 5 0 0 34 34 34 34
1 5 0 5 1 5 0 5 1003838 45 45 45 45 45
1 5 0 5 1 5 0 5 0 0 24 24 24 24
1 7 0 7 1 7 0 7 0 0 6 6 6 6
0 6 1 6 0 6 1 6 0 0 19 19 19 19
0 5 1 5 0 5 1 5 0 0 30 30 30 30
0 8 1 8 0 8 1 8 0 0 2 2 2 2
0 6 1 6 0 6 1 6 1001928 15 40 40 40 40
0 5 1 5 0 5 1 5 0 0 33 33 33 33
0 6 1 6 0 6 1 6 0 0 20 20 20 20
0 5 1 5 0 5 1 5 0 0 17 17 17 17
0 5 1 5 0 5 1 5 0 0 48 48 48 48
0 5 1 5 0 5 1 5 0 0 35 35 35 35
0 5 1 5 0 5 1 5 1001118 5 45 45 45 45
0 4 1 4 0 4 1 4 1004377 39 95 95 95 95
0 4 1 4 0 4 1 4 1003072 56 56 56 56 56
0 6 1 6 0 6 1 6 0 0 10 10 10 10
1 5 0 5 1 5 0 5 0 0 42 42 42 42
0 5 1 5 0 5 1 5 1000438 40 62 62 62 62
1 4 0 4 1 4 0 4 0 0 87 87 87 87
0 5 1 5 0 5 1 5 1001734 22 34 34 34 34
1 6 0 6 1 6 0 6 1001202 5 34 34 34 34
0 7 1 7 0 7 1 7 0 0 2 2 2 2
0 6 1 6 0 6 1 6 0 0 9 9 9 9
1 5 0 5 1 5 0 5 0 0 43 43 43 43
1 5 0 5 1 5 0 5 1005370 22 51 51 51 51
0 5 1 5 0 5 1 5 1001457 28 45 45 45 45
1 4 0 4 1 4 0 4 0 0 72 72 72 72
1 6 0 6 1 6 0 6 0 0 11 11 11 11
0 6 1 6 0 6 1 6 1001311 12 23 23 23 23
1 5 0 5 1 5 0 5 0 0 55 55 55 55
0 8 1 8 0 8 1 8 0 0 15 15 15 15
0 6 1 6 0 6 1 6 0 0 35 35 35 35
0 6 1 6 0 6 1 6 0 0 15 15 15 15
0 7 1 7 0 7 1 7 0 0 33 33 33 33
1 4 0 4 1 4 0 4 1001045 42 86 86 86 86
0 7 1 7 0 7 1 7 1006584 18 18 18 18 18
0 5 1 5 0 5 1 5 1003033 35 51 51 51 51
1 7 0 7 1 7 0 7 0 0 9 9 9 9
0 4 1 4 0 4 1 4 1000509 30 71 71 71 71
1 5 0 5 1 5 0 5 1004801 21 28 28 28 28
0 6 1 6 0 6 1 6 1005693 3 6 6 6 6
1 4 0 4 1 4 0 4 0 0 44 44 44 44
0 4 1 4 0 4 1 4 0 0 114 114 114 114
1 4 0 4 1 4 0 4 0 0 108 108 108 108
1 6 0 6 1 6 0 6 0 0 7 7 7 7
1 5 0 5 1 5 0 5 0 0 96 96 96 96
1 6 0 6 1 6 0 6 0 0 30 30 30 30
0 4 1 4 0 4 1 4 0 0 53 53 53 53
1 6 0 6 1 6 0 6 0 0 10 10 10 10
0 4 1 4 0 4 1 4 0 0 71 71 71 71
0 5 1 5 0 5 1 5 0 0 59 59 59 59
1 4 0 4 1 4 0 4 1003178 153 159 159 159 159
0 7 1 7 0 7 1 7 0 0 9 9 9 9
1 6 0 6 1 6 0 6 0 0 21 21 21 21
1 5 0 5 1 5 0 5 0 0 28 28 28 28
1 6 0 6 1 6 0 6 0 0 27 27 27 27
1 7 0 7 1 7 0 7 0 0 1 1 1 1
1 5 0 5 1 5 0 5 0 0 23 23 23 23
0 7 0 7 0 7 0 7 0 0 0 0 0 0
1 7 0 7 1 7 0 7 0 0 7 7 7 7
0 6 1 6 0 6 1 6 0 0 10 10 10 10
